  Float32Array(2) [ 4.626458644866943, 3.9308114051818848 ],
  Float32Array(2) [ 4.264932632446289, 3.788393020629883 ],
  Float32Array(2) [ 4.357485294342041, 4.409439563751221 ],
  Float32Array(2) [ 5.592287063598633, 2.1129064559936523 ],
  Float32Array(2) [ 5.280149936676025, 2.3664300441741943 ],
  Float32Array(2) [ 3.941756010055542, 4.342516899108887 ],
  Float32Array(2) [ 4.116946220397949, 2.9547176361083984 ],
  Float32Array(2) [ 4.682638645172119, 0.8727849125862122 ],
  Float32Array(2) [ 6.0391154289245605, -0.4017214775085449 ],
  Float32Array(2) [ 5.803386211395264, 4.605497360229492 ],
  Float32Array(2) [ 5.53726863861084, -0.2662341594696045 ],
  Float32Array(2) [ 5.522171974182129, 2.98294997215271 ],
  Float32Array(2) [ 5.27305793762207, 0.42116308212280273 ],
  Float32Array(2) [ 5.29470157623291, 0.48486173152923584 ],
  Float32Array(2) [ 4.897539138793945, 6.402595520019531 ],
  Float32Array(2) [ 4.132503986358643, 5.5369720458984375 ],
  Float32Array(2) [ 4.927759170532227, 3.1029162406921387 ],
  Float32Array(2) [ 5.051344871520996, 2.479857921600342 ],
  Float32Array(2) [ 5.05964994430542, 2.8875904083251953 ],
  Float32Array(2) [ 5.231770992279053, 2.7671375274658203 ],
  Float32Array(2) [ 5.2883782386779785, 2.5370099544525146 ],
  Float32Array(2) [ 5.284361839294434, 2.8079686164855957 ],
  Float32Array(2) [ 5.4099531173706055, 2.694124698638916 ],
  Float32Array(2) [ 5.428011417388916, 2.5410144329071045 ],
  Float32Array(2) [ 5.402478218078613, 2.789867877960205 ],
  Float32Array(2) [ 5.52107048034668, 2.68135666847229 ],
  Float32Array(2) [ 5.517758369445801, 2.5066914558410645 ],
  Float32Array(2) [ 5.446920871734619, 2.8152921199798584 ],
  Float32Array(2) [ 5.597631931304932, 2.727220296859741 ],
  Float32Array(2) [ 5.594137191772461, 2.408466100692749 ],
  Float32Array(2) [ 5.405904769897461, 2.8339626789093018 ],
  Float32Array(2) [ 5.631824016571045, 2.9865810871124268 ],
  Float32Array(2) [ 5.738598823547363, 2.2825403213500977 ],
  Float32Array(2) [ 5.340099334716797, 2.2450380325317383 ],
  Float32Array(2) [ 5.149722576141357, 5.7010602951049805 ],
  Float32Array(2) [ 6.939020156860352, 1.3024070262908936 ],
  Float32Array(2) [ 6.643280982971191, -0.6267857551574707 ],
  Float32Array(2) [ 3.8356688022613525, 7.144071578979492 ],
  Float32Array(2) [ 3.060012102127075, 6.884334564208984 ],
  Float32Array(2) [ 4.9952521324157715, 8.023512840270996 ],
  Float32Array(2) [ 4.984972953796387, 7.141182899475098 ],
  Float32Array(2) [ 5.057666778564453, 5.1916046142578125 ],
  Float32Array(2) [ 4.6281418800354, 3.9300220012664795 ],
  Float32Array(2) [ 4.2654194831848145, 3.779270887374878 ],
  Float32Array(2) [ 4.352015495300293, 4.446986198425293 ],
  Float32Array(2) [ 5.637580394744873, 2.1059799194335938 ],
  Float32Array(2) [ 5.324941158294678, 2.2171785831451416 ],
  Float32Array(2) [ 3.754276752471924, 4.8127288818359375 ],
  Float32Array(2) [ 4.205745697021484, 2.6271543502807617 ],
  Float32Array(2) [ 5.144786834716797, 0.25857114791870117 ],
  Float32Array(2) [ 5.716794967651367, 1.1978785991668701 ],
  Float32Array(2) [ 4.0161638259887695, 6.497190475463867 ],
  Float32Array(2) [ 3.1417508125305176, 7.171682357788086 ],
  Float32Array(2) [ 4.998192310333252, 8.052536964416504 ],
  Float32Array(2) [ 4.980897426605225, 7.210431098937988 ],
  Float32Array(2) [ 5.063446521759033, 5.25199031829834 ],
  Float32Array(2) [ 4.64346981048584, 3.948917865753174 ],
  Float32Array(2) [ 4.270275592803955, 3.742220401763916 ],
  Float32Array(2) [ 4.331401348114014, 4.556249141693115 ],
  Float32Array(2) [ 5.742830276489258, 2.1733202934265137 ],
  Float32Array(2) [ 5.4483113288879395, 1.598549246788025 ],
  Float32Array(2) [ 3.3935563564300537, 5.724032402038574 ],
  Float32Array(2) [ 3.171347141265869, 4.265051364898682 ],
  Float32Array(2) [ 5.415454387664795, 2.7757043838500977 ],
  Float32Array(2) [ 5.587777137756348, 0.12937140464782715 ],
  Float32Array(2) [ 5.479521751403809, 1.1955838203430176 ],
  Float32Array(2) [ 3.968235492706299, 6.177518844604492 ],
  Float32Array(2) [ 3.325141668319702, 6.718022346496582 ],
  Float32Array(2) [ 5.004734039306641, 7.792319297790527 ],
  Float32Array(2) [ 5.033916473388672, 6.455178260803223 ],
  Float32Array(2) [ 4.9610795974731445, 4.545836448669434 ],
  Float32Array(2) [ 4.443674564361572, 3.605638265609741 ],
  Float32Array(2) [ 4.225803852081299, 4.659099102020264 ],
  Float32Array(2) [ 5.626748085021973, 2.558518886566162 ],
  Float32Array(2) [ 5.522887229919434, 0.7979670763015747 ],
  Float32Array(2) [ 3.5344369411468506, 6.283591270446777 ],
  Float32Array(2) [ 2.2612833976745605, 6.217024803161621 ],
  Float32Array(2) [ 4.396529674530029, 7.759904861450195 ],
  Float32Array(2) [ 4.773764133453369, 8.10789680480957 ],
  Float32Array(2) [ 4.9134521484375, 7.7781782150268555 ],
  Float32Array(2) [ 5.020001411437988, 6.380679130554199 ],
  Float32Array(2) [ 4.920039653778076, 4.467520236968994 ],
  Float32Array(2) [ 4.408180236816406, 3.5705034732818604 ],
  Float32Array(2) [ 4.221883296966553, 4.82260274887085 ],
  Float32Array(2) [ 5.71277379989624, 2.841196060180664 ],
  Float32Array(2) [ 5.847222805023193, -0.027393579483032227 ],
  Float32Array(2) [ 3.884387254714966, 6.133566856384277 ],
  Float32Array(2) [ 2.331453323364258, 6.0872392654418945 ],
  Float32Array(2) [ 4.407898426055908, 7.7302141189575195 ],
  Float32Array(2) [ 4.774866580963135, 8.100052833557129 ],
  Float32Array(2) [ 4.914067268371582, 7.768176078796387 ],
  Float32Array(2) [ 5.0217084884643555, 6.351712226867676 ],
  Float32Array(2) [ 4.913510322570801, 4.437384128570557 ],
  Float32Array(2) [ 4.401528358459473, 3.558681011199951 ],
  Float32Array(2) [ 4.221672534942627, 4.871549606323242 ],
  Float32Array(2) [ 5.724460124969482, 2.944072723388672 ],
  Float32Array(2) [ 5.951482772827148, -0.15218913555145264 ],
  Float32Array(2) [ 4.091793537139893, 5.794855117797852 ],
  Float32Array(2) [ 2.5993828773498535, 5.399044990539551 ],
  Float32Array(2) [ 4.471927165985107, 7.340646743774414 ],